0 535.68 358.74 582.93 409.08 0.93 42 24
1 6.90 366.94 55.56 422.25 0.60 42 2
2 521.48 422.06 554.75 470.11 0.79 45 27
3 434.24 420.34 511.76 478.01 0.73 46 14
4 1.49 144.18 59.20 262.48 0.74 57 37
5 325.62 249.82 433.88 409.26 0.94 59 22
6 357.22 112.66 580.38 364.23 0.89 59 1
7 128.61 222.71 321.29 393.37 0.87 63 8
8 135.39 219.96 324.90 417.03 0.84 64 8
9 69.36 362.10 105.10 385.35 0.53 65 7
10 119.50 339.34 191.10 397.66 0.61 67 4
11 402.59 352.28 498.35 409.56 0.69 74 29
12 339.21 351.94 387.00 404.11 0.52 76 23
