0 336.07 121.13 358.08 190.51 0.97 40 11
1 363.24 136.58 384.42 189.89 0.96 40 12
2 186.49 37.62 211.90 112.92 0.92 40 3
3 163.48 32.55 184.99 97.19 0.82 40 5
4 387.45 145.34 404.63 184.40 0.61 40 13
5 290.35 31.06 313.82 109.05 0.50 40 7
6 26.52 266.14 248.89 472.01 1.00 57 1
7 382.03 227.15 532.05 432.50 1.00 57 2
8 177.17 144.59 228.53 215.63 0.81 74 10
9 241.88 209.89 314.20 249.57 0.79 74 4
10 171.37 144.56 189.40 216.80 0.64 74 10
11 179.42 143.18 199.00 217.84 0.61 74 10
12 194.56 141.78 212.51 218.43 0.56 74 10
