0 213.99 30.86 237.35 99.31 0.98 40 3
1 354.67 120.11 376.37 181.78 0.96 40 11
2 379.48 127.90 402.49 185.81 0.95 40 12
3 187.55 25.23 210.57 93.74 0.93 40 5
4 319.61 20.42 339.59 101.02 0.92 40 7
5 306.34 19.07 324.01 98.96 0.89 40 6
6 401.41 136.80 417.79 177.69 0.85 40 13
7 108.68 269.23 295.80 480.00 1.00 57 1
8 405.57 221.19 566.68 393.74 1.00 57 2
9 98.36 149.25 618.62 259.98 0.52 61 51
10 208.80 140.27 258.69 210.52 0.72 74 10
11 283.53 201.88 343.73 240.59 0.58 74 4
12 245.69 135.53 260.49 214.50 0.54 74 10
13 206.13 140.43 225.32 211.30 0.54 74 0
14 231.42 136.98 249.68 214.30 0.52 74 10
