0 209.50 28.58 235.80 97.88 0.99 40 3
1 351.90 118.14 376.21 177.83 0.95 40 11
2 184.11 19.88 205.62 93.92 0.93 40 5
3 317.19 15.12 337.47 102.72 0.92 40 7
4 377.83 126.79 400.83 184.52 0.91 40 12
5 400.85 134.93 416.23 176.28 0.86 40 13
6 305.42 16.63 321.47 99.14 0.80 40 6
7 89.84 267.54 293.26 471.19 1.00 57 1
8 404.28 218.75 567.48 394.99 0.99 57 2
9 206.18 139.07 254.48 208.35 0.64 74 10
10 278.33 201.29 342.24 237.79 0.62 74 4
11 243.50 135.77 259.54 211.16 0.56 74 10
12 231.58 135.78 250.11 211.97 0.54 74 10
