0 344.41 111.40 365.46 182.12 0.97 40 11
1 192.82 26.45 217.59 95.78 0.95 40 3
2 371.74 127.85 392.91 186.93 0.95 40 12
3 171.26 19.86 192.28 83.83 0.92 40 5
4 395.03 133.82 411.26 176.71 0.91 40 13
5 300.06 17.54 322.91 97.06 0.77 40 7
6 50.56 249.25 261.86 465.70 1.00 57 1
7 392.55 220.56 541.41 420.98 1.00 57 2
8 252.22 200.24 323.01 236.77 0.87 74 4
9 182.78 133.46 201.32 205.96 0.81 74 10
10 206.27 130.99 225.82 207.96 0.73 74 10
11 221.35 130.92 236.96 207.59 0.67 74 10
12 192.75 133.52 211.96 205.47 0.56 74 10
