0 216.78 34.00 240.78 108.97 0.99 40 3
1 379.74 133.10 403.27 188.53 0.92 40 12
2 354.30 127.97 375.88 188.57 0.90 40 11
3 401.56 142.83 418.38 183.74 0.90 40 13
4 190.93 31.24 212.37 96.97 0.88 40 5
5 307.51 28.70 326.49 101.58 0.76 40 6
6 364.09 120.30 381.46 179.40 0.74 40 18
7 319.25 31.34 338.69 108.71 0.58 40 7
8 545.99 192.13 569.25 218.58 0.72 42 15
9 114.21 275.62 303.13 477.81 1.00 57 1
10 418.14 218.82 579.78 389.54 0.99 57 2
11 210.34 144.33 260.26 217.47 0.76 74 10
12 231.31 142.57 250.07 218.96 0.58 74 10
13 287.34 208.15 346.96 243.36 0.52 74 4
