0 336.47 121.69 358.38 190.39 0.98 40 11
1 363.69 136.63 384.82 189.80 0.97 40 12
2 186.26 35.21 212.37 111.02 0.96 40 3
3 164.00 32.39 185.87 98.45 0.89 40 5
4 387.53 145.92 404.81 184.00 0.74 40 13
5 291.74 30.72 313.88 109.69 0.60 40 7
6 29.05 264.89 252.21 468.31 1.00 57 1
7 381.74 225.62 532.29 430.39 1.00 57 2
8 244.25 209.81 315.38 249.10 0.81 74 4
9 177.76 144.37 228.65 215.18 0.79 74 10
10 171.44 144.68 190.33 216.29 0.61 74 10
11 194.03 141.65 212.79 218.18 0.56 74 10
12 218.48 140.26 232.35 219.35 0.50 74 10
