0 334.87 121.82 358.38 190.65 0.98 40 11
1 363.23 137.33 383.97 190.95 0.96 40 12
2 185.65 37.84 211.83 112.47 0.91 40 3
3 163.49 32.64 185.40 96.87 0.79 40 5
4 291.18 29.93 313.83 109.81 0.56 40 7
5 388.17 146.98 403.79 187.57 0.54 40 13
6 26.83 267.06 249.35 471.83 1.00 57 1
7 383.05 223.70 532.74 434.68 1.00 57 2
8 177.63 144.75 227.35 216.02 0.84 74 10
9 242.04 209.94 313.98 250.03 0.84 74 4
10 171.21 144.65 189.48 216.95 0.72 74 10
11 194.63 142.15 212.87 219.05 0.66 74 10
12 217.19 142.54 231.36 219.42 0.54 74 10
13 208.23 142.62 224.34 218.74 0.53 74 10
