0 335.10 121.69 358.33 190.14 0.98 40 11
1 363.44 136.74 384.15 190.71 0.97 40 12
2 182.50 40.07 205.72 109.21 0.90 40 3
3 162.57 32.30 185.76 98.18 0.81 40 5
4 387.77 145.45 405.22 184.62 0.69 40 13
5 26.18 266.72 249.38 472.00 1.00 57 1
6 382.67 225.15 532.38 432.26 1.00 57 2
7 241.89 209.70 313.87 249.85 0.82 74 4
8 178.45 144.97 227.76 216.00 0.81 74 10
9 171.25 144.87 189.51 217.10 0.74 74 10
10 194.57 142.21 213.08 219.00 0.67 74 10
11 216.80 142.43 231.72 219.20 0.59 74 10
12 208.08 142.74 224.60 218.52 0.55 74 10
