0 190.27 37.86 214.44 109.25 0.99 40 3
1 337.76 121.49 360.69 189.75 0.99 40 11
2 363.76 134.93 386.37 190.57 0.98 40 12
3 166.09 32.25 188.29 99.16 0.91 40 5
4 387.43 145.30 404.68 183.55 0.82 40 13
5 292.32 30.96 314.54 108.03 0.63 40 7
6 426.33 141.33 449.19 183.36 0.63 40 14
7 45.15 270.84 268.29 475.99 1.00 57 1
8 391.18 223.68 538.24 426.36 1.00 57 2
9 251.63 211.53 320.69 248.34 0.75 74 4
10 182.02 142.29 232.82 217.29 0.73 74 10
11 180.88 144.56 199.85 217.35 0.67 74 10
12 220.31 140.73 235.40 219.94 0.52 74 10
