0 240.24 44.88 262.85 110.85 0.98 40 3
1 214.48 40.32 235.52 106.21 0.95 40 5
2 376.30 129.22 396.58 189.59 0.95 40 11
3 329.29 32.54 345.96 113.03 0.93 40 6
4 399.77 137.26 421.27 189.39 0.88 40 12
5 341.56 34.32 361.87 114.05 0.88 40 7
6 419.84 142.92 435.15 184.31 0.74 40 13
7 440.43 209.59 600.90 408.58 1.00 57 2
8 152.94 276.43 330.57 479.75 1.00 57 1
9 238.75 150.14 284.48 219.67 0.79 74 10
10 315.60 213.73 368.65 246.44 0.65 74 4
11 271.65 148.42 284.74 220.50 0.62 74 10
12 257.21 149.42 273.57 220.88 0.62 74 10
13 232.77 151.86 249.19 214.27 0.53 74 10
14 244.74 151.16 259.64 217.89 0.50 74 10
