0 335.20 120.36 357.29 191.51 0.95 40 11
1 363.26 135.79 384.19 190.67 0.94 40 12
2 181.54 38.78 205.86 109.79 0.91 40 3
3 159.63 32.24 180.56 96.06 0.72 40 5
4 387.45 145.29 404.50 184.42 0.65 40 13
5 289.48 30.46 312.11 108.94 0.51 40 7
6 24.77 268.36 248.50 469.80 1.00 57 1
7 382.21 225.76 532.78 434.00 1.00 57 2
8 241.26 209.87 312.98 249.91 0.86 74 4
9 178.81 144.71 226.70 215.00 0.80 74 10
10 170.39 144.47 189.53 216.50 0.79 74 10
11 194.19 141.33 213.18 218.69 0.67 74 10
12 208.30 142.54 224.51 217.81 0.50 74 10
