0 371.87 127.85 393.39 188.80 0.98 40 12
1 344.47 111.79 366.02 182.30 0.97 40 11
2 395.53 133.14 413.08 177.76 0.96 40 13
3 194.37 26.47 218.53 97.22 0.94 40 3
4 171.63 21.59 192.59 82.75 0.87 40 5
5 301.95 16.85 324.78 97.30 0.56 40 7
6 51.09 255.94 261.91 476.77 1.00 57 1
7 393.09 222.79 541.30 420.68 1.00 57 2
8 253.95 199.76 324.95 236.42 0.74 74 4
9 183.02 133.43 201.18 205.03 0.69 74 10
10 221.04 132.26 236.62 207.21 0.63 74 10
11 206.90 131.36 225.52 207.18 0.63 74 10
12 229.08 133.63 243.75 206.95 0.56 74 10
13 187.34 136.16 237.35 203.98 0.55 74 10
