0 339.65 116.26 361.86 185.12 0.98 40 11
1 366.58 131.11 387.71 189.17 0.97 40 12
2 189.62 30.38 214.09 102.20 0.96 40 3
3 167.53 24.61 188.73 94.95 0.92 40 5
4 389.37 139.74 407.31 182.42 0.80 40 13
5 292.94 14.85 313.99 108.67 0.73 40 7
6 31.16 252.58 254.07 464.74 1.00 57 1
7 388.04 228.50 534.71 423.94 1.00 57 2
8 250.48 202.85 318.63 242.82 0.67 74 4
9 179.85 138.94 200.75 213.27 0.66 74 10
10 219.41 137.14 235.68 213.53 0.63 74 10
11 206.18 137.47 226.05 213.00 0.61 74 10
12 193.59 138.33 212.88 212.67 0.53 74 10
