0 205.93 25.09 231.36 95.62 0.99 40 3
1 350.19 113.39 373.92 176.87 0.98 40 11
2 376.67 124.04 399.57 177.57 0.96 40 12
3 179.61 21.09 201.23 84.85 0.95 40 5
4 398.96 132.91 416.24 171.11 0.87 40 13
5 302.50 16.73 319.80 89.93 0.67 40 6
6 313.49 16.54 334.10 98.19 0.59 40 7
7 86.06 264.73 289.36 475.69 1.00 57 1
8 401.83 208.75 569.49 401.07 1.00 57 2
9 34.57 158.48 619.47 254.56 0.51 61 51
10 200.52 137.77 251.76 204.90 0.72 74 10
11 274.04 200.22 336.04 236.37 0.60 74 4
12 218.21 132.70 237.75 209.37 0.57 74 10
