0 334.87 122.84 358.50 191.63 0.98 40 11
1 363.82 139.09 383.61 200.08 0.96 40 12
2 186.65 39.01 212.14 112.18 0.89 40 3
3 387.76 147.49 403.74 188.29 0.84 40 13
4 164.72 35.41 186.88 107.00 0.84 40 5
5 290.24 31.57 313.51 109.68 0.62 40 7
6 28.64 266.70 250.14 470.41 1.00 57 1
7 381.28 225.81 531.18 434.84 1.00 57 2
8 243.04 210.42 312.83 250.11 0.85 74 4
9 176.85 145.51 228.82 216.96 0.82 74 10
10 194.71 143.44 212.55 219.09 0.65 74 10
11 179.62 145.57 199.42 218.30 0.63 74 10
12 171.42 146.86 189.93 217.20 0.62 74 10
13 217.23 143.76 231.46 219.73 0.52 74 10
