0 223.76 43.17 248.38 110.77 0.98 40 3
1 315.50 30.33 332.14 111.93 0.97 40 6
2 196.76 34.84 218.61 105.80 0.94 40 5
3 363.46 127.33 384.44 190.07 0.90 40 11
4 328.38 31.56 346.69 110.83 0.90 40 7
5 386.46 137.29 409.08 188.27 0.69 40 12
6 133.83 277.08 307.83 479.98 1.00 57 1
7 416.62 218.54 580.69 418.56 1.00 57 2
8 217.69 149.93 267.12 220.44 0.84 74 10
9 295.88 213.29 352.87 247.80 0.77 74 4
10 231.63 149.74 248.89 222.07 0.65 74 10
11 244.53 147.85 261.98 222.42 0.64 74 10
12 218.39 152.31 236.85 218.42 0.63 74 10
13 257.63 147.91 271.26 221.92 0.61 74 10
