0 343.04 110.53 364.69 182.14 0.98 40 11
1 192.66 27.54 218.80 100.45 0.96 40 3
2 370.32 129.60 390.33 185.94 0.94 40 12
3 170.04 20.65 190.24 85.32 0.82 40 5
4 394.15 135.38 410.20 176.96 0.77 40 13
5 301.09 19.27 322.10 98.91 0.71 40 7
6 48.85 248.16 259.94 466.21 1.00 57 1
7 392.07 224.89 539.22 418.91 1.00 57 2
8 251.56 200.77 322.13 237.08 0.92 74 4
9 181.84 135.50 200.88 207.66 0.84 74 10
10 205.86 133.35 226.14 208.53 0.75 74 10
11 221.11 133.13 236.38 208.47 0.67 74 10
12 193.19 135.42 211.93 207.10 0.51 74 10
