0 211.78 29.35 236.96 98.74 0.99 40 3
1 352.99 119.89 376.68 180.74 0.94 40 11
2 378.52 126.58 401.78 186.19 0.92 40 12
3 184.31 17.39 206.41 96.52 0.90 40 5
4 318.12 19.18 338.36 99.92 0.89 40 7
5 305.92 18.39 321.96 98.76 0.80 40 6
6 401.38 135.42 416.66 176.03 0.76 40 13
7 100.35 262.29 303.24 479.65 1.00 57 1
8 403.73 220.41 568.74 393.72 0.99 57 2
9 282.01 201.13 343.57 238.38 0.62 74 4
10 209.03 139.65 256.29 208.39 0.59 74 10
11 245.03 135.54 259.85 212.67 0.55 74 10
12 218.46 138.06 236.81 211.85 0.51 74 10
