0 256.14 13.81 279.38 87.18 0.98 40 3
1 230.03 7.57 251.02 84.28 0.97 40 5
2 342.35 6.49 362.01 85.87 0.91 40 6
3 388.45 104.60 410.60 165.77 0.88 40 11
4 413.52 119.75 434.40 166.90 0.84 40 12
5 355.57 10.98 376.64 86.33 0.84 40 7
6 431.37 121.25 446.57 164.67 0.53 40 13
7 173.06 246.70 347.07 469.15 1.00 57 1
8 446.66 184.94 614.14 380.96 1.00 57 2
9 109.04 147.30 556.57 350.86 0.58 61 51
10 254.30 124.73 302.44 194.16 0.76 74 10
11 270.33 123.57 285.14 196.00 0.60 74 10
12 282.94 122.52 297.01 196.26 0.55 74 10
13 329.68 189.35 382.24 222.02 0.53 74 4
