0 287.52 0.86 310.30 88.85 0.99 40 3
1 373.69 0.77 395.56 80.02 0.95 40 6
2 257.32 2.09 277.32 75.33 0.89 40 5
3 448.78 112.44 472.23 163.91 0.88 40 12
4 426.53 95.43 448.37 157.30 0.82 40 11
5 391.93 0.56 412.72 79.60 0.81 40 7
6 461.75 116.30 478.71 159.43 0.59 40 13
7 219.75 257.19 387.00 477.88 1.00 57 1
8 478.34 196.15 632.10 386.60 0.98 57 2
9 130.18 136.74 602.55 352.74 0.51 61 51
10 307.74 119.40 321.87 197.55 0.67 74 10
11 287.38 120.99 330.75 195.62 0.58 74 10
12 320.37 118.64 333.04 197.28 0.57 74 10
