0 257.53 11.36 281.63 84.69 0.98 40 3
1 232.29 5.51 252.34 84.61 0.90 40 5
2 388.01 105.30 412.33 164.55 0.82 40 11
3 344.15 6.76 365.82 75.86 0.81 40 6
4 353.84 6.37 376.36 84.43 0.80 40 7
5 412.84 114.05 438.10 162.35 0.72 40 12
6 399.96 98.90 418.00 150.07 0.50 40 0
7 179.91 247.82 349.66 469.52 1.00 57 1
8 447.38 185.59 615.13 379.80 1.00 57 2
9 103.93 144.71 564.45 348.65 0.68 61 51
10 258.06 122.32 303.76 193.82 0.74 74 10
11 281.35 119.09 298.31 194.43 0.68 74 10
12 270.16 120.97 285.04 192.51 0.58 74 10
13 294.09 118.84 306.59 194.60 0.54 74 10
