0 239.90 41.39 263.13 111.83 0.98 40 3
1 376.59 124.83 396.43 189.66 0.91 40 11
2 215.11 35.84 236.31 107.78 0.90 40 5
3 400.20 135.85 421.06 187.26 0.84 40 12
4 329.04 31.30 345.66 110.26 0.80 40 6
5 341.86 31.29 361.41 111.89 0.75 40 7
6 421.62 142.16 434.07 180.79 0.67 40 13
7 438.43 210.45 598.02 403.94 1.00 57 2
8 154.06 266.99 328.60 476.60 0.99 57 1
9 257.18 144.90 273.42 218.79 0.73 74 10
10 313.99 205.94 368.31 242.53 0.71 74 4
11 237.94 146.37 284.54 217.27 0.68 74 10
12 271.99 144.84 284.96 217.94 0.68 74 10
