0 298.08 3.54 321.85 85.98 0.99 40 3
1 386.17 0.00 407.36 79.12 0.93 40 6
2 403.41 0.00 425.28 80.72 0.87 40 7
3 464.47 110.31 486.10 164.31 0.79 40 12
4 267.72 2.79 287.75 77.59 0.77 40 5
5 439.36 90.66 462.15 161.20 0.72 40 11
6 247.24 266.92 406.24 478.08 1.00 57 1
7 505.98 208.85 637.11 393.60 0.97 57 2
8 162.63 132.73 596.51 354.63 0.52 61 51
9 304.05 123.74 348.14 197.45 0.74 74 10
10 293.34 126.95 310.25 190.87 0.61 74 10
11 318.59 121.45 335.18 203.15 0.56 74 10
12 331.96 120.99 346.87 202.67 0.53 74 10
