0 288.76 0.81 311.11 88.22 0.99 40 3
1 374.09 0.44 397.15 79.10 0.93 40 6
2 257.59 3.59 277.05 75.63 0.88 40 5
3 451.81 112.31 471.85 163.97 0.75 40 12
4 427.90 94.42 448.94 158.19 0.73 40 11
5 391.86 1.22 413.51 79.23 0.72 40 7
6 463.37 114.09 479.54 159.62 0.66 40 13
7 222.17 256.35 384.67 477.53 1.00 57 1
8 481.15 188.66 633.04 388.94 0.97 57 2
9 138.28 139.18 604.24 353.78 0.59 61 51
10 307.42 121.99 322.03 199.53 0.77 74 10
11 320.47 120.49 333.50 198.65 0.72 74 10
12 288.05 122.72 331.86 195.73 0.61 74 10
13 283.24 123.92 297.02 188.80 0.51 74 10
14 295.64 124.35 307.83 192.61 0.51 74 10
