0 278.37 0.91 302.63 74.09 0.99 40 3
1 413.49 91.48 437.48 156.31 0.91 40 11
2 437.64 108.37 460.80 158.50 0.86 40 12
3 366.25 1.23 385.08 73.95 0.77 40 6
4 380.65 3.31 401.78 75.01 0.75 40 7
5 252.32 0.00 270.73 72.73 0.75 40 5
6 454.32 107.99 469.45 155.50 0.62 40 13
7 205.37 251.23 375.47 460.85 1.00 57 1
8 468.76 184.75 628.73 373.89 1.00 57 2
9 126.73 134.39 593.43 348.88 0.54 61 51
10 280.75 116.13 325.78 186.52 0.58 74 10
11 270.87 116.99 285.77 178.19 0.53 74 10
12 293.95 112.12 308.99 191.37 0.53 74 10
