0 285.89 1.16 309.58 87.58 0.98 40 3
1 255.55 0.51 275.78 75.13 0.88 40 5
2 373.08 0.76 394.33 79.12 0.76 40 6
3 389.53 0.00 409.54 81.08 0.74 40 7
4 424.89 93.94 447.28 157.31 0.63 40 11
5 440.75 108.79 466.66 163.60 0.51 40 12
6 214.89 256.43 385.51 479.73 1.00 57 1
7 478.63 197.35 630.69 386.77 0.98 57 2
8 113.12 111.79 626.90 378.43 0.51 61 51
9 307.72 118.10 322.52 196.93 0.76 74 10
10 286.09 120.87 329.49 195.72 0.70 74 10
11 319.46 118.06 332.41 196.82 0.65 74 10
12 295.76 120.50 307.72 194.28 0.59 74 10
