0 269.15 2.97 293.75 74.33 0.99 40 3
1 244.40 0.42 263.74 72.46 0.84 40 5
2 426.92 105.74 449.72 157.73 0.84 40 12
3 402.46 94.84 424.00 155.54 0.77 40 11
4 412.88 92.00 431.75 151.34 0.68 40 0
5 368.76 2.86 389.64 74.56 0.58 40 7
6 356.23 2.30 374.97 71.06 0.58 40 6
7 194.38 239.54 369.76 466.42 1.00 57 1
8 464.51 177.90 626.32 372.33 1.00 57 2
9 294.31 112.37 310.61 190.44 0.70 74 10
10 282.31 112.97 297.30 189.71 0.61 74 10
11 306.25 114.31 319.66 187.52 0.57 74 10
12 268.61 116.35 284.19 179.49 0.56 74 10
