0 267.68 2.95 292.43 74.19 0.99 40 3
1 242.27 0.02 262.76 71.25 0.94 40 5
2 354.60 0.00 373.88 73.10 0.88 40 6
3 401.57 92.53 424.07 155.35 0.87 40 11
4 426.10 106.76 447.78 157.30 0.85 40 12
5 368.75 1.44 389.83 74.76 0.83 40 7
6 444.25 107.38 458.90 154.45 0.56 40 13
7 195.38 241.25 363.99 467.31 1.00 57 1
8 457.71 174.33 616.23 374.54 1.00 57 2
9 294.73 111.70 310.21 190.41 0.71 74 10
10 282.18 112.33 297.40 190.07 0.66 74 10
11 264.89 115.49 310.13 188.64 0.55 74 10
12 305.40 114.12 318.35 187.13 0.53 74 10
13 344.14 177.49 398.83 211.43 0.51 74 4
