0 24.71 94.72 140.92 217.59 0.80 1 20
1 346.59 186.47 378.64 204.72 0.58 46 31
2 0.00 224.18 187.36 473.98 0.99 57 26
3 21.80 120.03 151.42 261.85 0.94 57 21
4 516.24 149.06 638.38 362.31 0.93 57 1
5 208.82 74.89 246.08 151.49 0.82 63 28
6 267.54 82.06 329.61 193.10 0.52 63 22
7 180.16 78.11 250.45 164.28 0.79 64 30
8 213.53 264.95 249.25 283.10 0.80 65 24
9 163.31 216.11 179.42 231.53 0.60 65 27
10 192.38 205.52 275.10 261.44 0.92 67 23
11 182.93 141.90 221.13 168.58 0.88 67 42
12 23.11 91.09 135.65 223.65 0.85 78 20
