0 19.30 98.91 141.91 217.18 0.92 1 20
1 302.25 189.67 315.92 251.90 0.76 40 33
2 526.02 115.98 637.01 342.11 1.00 57 1
3 6.56 238.44 217.52 469.09 0.99 57 26
4 15.79 111.85 149.95 253.71 0.95 57 21
5 188.75 68.27 247.08 149.00 0.92 63 28
6 273.32 72.05 342.55 185.09 0.80 63 22
7 203.35 197.71 296.74 251.52 0.89 64 23
8 171.10 170.95 235.12 200.22 0.72 64 34
9 175.22 68.94 245.39 150.68 0.71 64 28
10 236.98 258.45 276.17 275.69 0.81 65 24
11 172.31 122.15 191.44 134.03 0.62 65 49
12 165.59 168.22 192.63 180.84 0.61 65 38
13 133.75 133.72 147.16 142.69 0.55 65 48
14 177.27 211.09 194.05 230.13 0.51 65 27
15 199.19 198.28 288.28 249.76 0.75 67 23
16 176.58 141.39 220.72 168.81 0.63 67 42
