0 37.87 81.52 169.88 217.80 0.80 1 21
1 13.47 228.35 209.57 469.39 1.00 57 26
2 34.24 80.33 151.57 211.62 0.95 57 21
3 524.27 113.62 638.64 343.29 0.60 57 1
4 214.84 46.18 257.49 130.69 0.95 63 28
5 286.21 52.26 347.63 168.93 0.77 63 22
6 209.61 51.60 258.76 138.37 0.88 64 28
7 241.70 239.97 279.81 257.73 0.85 65 24
8 178.44 146.20 205.24 159.63 0.67 65 38
9 151.52 110.62 165.46 121.18 0.52 65 48
10 190.93 101.86 210.77 115.48 0.52 65 49
11 210.88 181.64 297.53 237.54 0.92 67 23
12 192.80 121.02 233.55 148.76 0.77 67 42
