0 373.86 84.67 406.92 183.57 0.95 40 53
1 191.82 127.03 218.14 175.17 0.95 40 13
2 164.98 122.80 188.74 171.98 0.82 40 18
3 179.10 118.62 202.39 171.01 0.72 40 19
4 235.07 124.23 266.23 178.31 0.69 40 14
5 149.53 137.05 175.87 182.30 0.67 40 12
6 131.42 121.69 154.10 174.97 0.64 40 11
7 119.76 103.31 141.75 166.01 0.54 40 0
8 235.52 212.59 267.99 255.57 0.89 42 15
9 287.89 228.60 331.46 256.25 0.52 42 41
10 154.46 241.14 207.61 277.91 0.67 45 45
11 19.58 233.12 247.38 466.55 1.00 57 2
12 37.16 128.68 412.57 348.84 0.66 61 51
