0 346.48 100.87 376.12 198.35 0.97 40 53
1 164.07 146.15 186.25 193.69 0.88 40 13
2 129.89 135.34 152.05 187.63 0.85 40 17
3 144.84 131.38 163.62 184.79 0.82 40 19
4 11.14 3.91 64.43 93.42 0.61 40 7
5 117.96 131.92 140.80 189.01 0.57 40 0
6 107.30 142.31 132.56 197.33 0.55 40 12
7 82.90 116.35 104.97 179.25 0.53 40 11
8 205.98 228.36 240.03 271.36 0.83 42 15
9 24.46 228.11 88.26 268.07 0.66 44 56
10 128.84 253.42 176.95 296.68 0.74 45 45
11 0.00 273.25 222.19 473.47 0.99 57 2
12 7.03 83.45 108.15 215.04 0.62 73 58
