0 321.58 136.56 352.18 228.53 0.97 40 11
1 385.15 165.46 407.71 219.59 0.97 40 13
2 90.75 11.67 135.82 128.20 0.94 40 3
3 53.56 9.54 101.57 119.35 0.93 40 5
4 245.40 4.63 271.23 121.06 0.91 40 6
5 261.56 3.88 288.66 121.96 0.84 40 7
6 363.39 155.67 386.79 219.28 0.83 40 12
7 354.03 155.43 374.90 217.97 0.60 40 17
8 433.68 158.93 461.30 212.40 0.50 40 14
9 590.47 227.93 629.82 264.57 0.76 42 15
10 430.08 290.45 623.31 476.11 1.00 57 2
11 1.64 420.04 211.19 474.73 0.88 57 1
12 207.93 266.49 304.19 334.92 0.85 74 4
