0 239.26 167.35 263.03 247.01 0.97 40 11
1 267.45 177.28 291.02 240.41 0.97 40 12
2 23.58 85.06 65.46 181.20 0.94 40 3
3 290.87 184.64 307.41 231.65 0.87 40 13
4 164.42 60.20 197.22 161.06 0.77 40 7
5 0.91 84.16 32.81 182.31 0.77 40 5
6 230.60 178.31 251.01 242.08 0.65 40 18
7 328.57 175.25 351.85 219.52 0.50 40 14
8 153.09 58.87 175.05 159.49 0.50 40 6
9 455.55 212.01 481.81 239.72 0.96 42 15
10 348.22 229.82 502.99 477.05 1.00 57 2
11 164.44 282.42 235.01 333.89 0.91 74 4
12 35.52 214.82 126.42 324.19 0.63 74 10
