0 351.58 102.60 373.22 187.11 0.98 40 11
1 269.17 9.24 295.20 102.65 0.96 40 6
2 166.80 32.67 205.15 126.08 0.96 40 3
3 379.64 115.56 400.66 177.32 0.96 40 12
4 291.58 6.47 318.30 99.13 0.87 40 7
5 129.14 36.29 172.85 133.83 0.55 40 5
6 390.58 118.00 406.55 172.27 0.52 40 13
7 560.50 138.47 583.88 166.77 0.75 42 15
8 455.80 169.26 609.24 400.96 1.00 57 2
9 139.68 330.77 361.06 468.00 0.99 57 1
10 186.58 158.87 267.87 252.28 0.90 74 10
11 305.37 215.15 372.47 261.39 0.79 74 4
12 233.12 158.76 271.95 246.20 0.61 74 10
