0 13.01 75.24 56.71 172.46 0.96 40 5
1 48.67 80.33 90.97 172.45 0.95 40 3
2 315.90 184.79 333.92 232.09 0.95 40 13
3 290.67 176.89 315.88 239.63 0.94 40 12
4 263.67 166.65 286.98 245.81 0.90 40 11
5 191.48 54.98 220.68 156.51 0.88 40 7
6 178.22 57.00 204.72 154.97 0.77 40 6
7 255.56 176.62 276.73 240.98 0.75 40 18
8 0.00 75.76 25.70 177.07 0.71 40 8
9 487.42 218.60 513.50 248.50 0.90 42 15
10 360.76 250.70 540.10 451.75 0.99 57 2
11 177.02 283.57 259.97 333.10 0.88 74 4
12 60.70 218.38 108.31 317.85 0.53 74 10
