0 266.84 9.97 293.96 104.64 0.97 40 6
1 350.63 106.88 371.53 185.00 0.97 40 11
2 378.77 116.55 400.13 176.82 0.96 40 12
3 162.39 32.46 203.07 125.78 0.94 40 3
4 288.11 5.56 315.67 103.67 0.86 40 7
5 366.75 119.24 382.49 175.97 0.58 40 17
6 389.27 120.10 405.88 171.62 0.53 40 13
7 559.74 139.09 582.87 166.93 0.89 42 15
8 449.51 126.27 468.54 151.43 0.57 42 16
9 6.73 24.01 142.34 155.23 0.53 46 8
10 457.23 171.51 609.21 402.23 1.00 57 2
11 125.54 333.33 347.85 467.96 0.96 57 1
12 185.46 159.43 266.10 253.11 0.82 74 10
13 302.57 216.10 368.54 261.08 0.76 74 4
