0 240.62 156.95 264.18 242.58 0.95 40 11
1 291.87 180.24 309.01 228.72 0.93 40 13
2 267.76 174.97 293.18 236.76 0.93 40 12
3 28.39 84.44 76.21 177.16 0.92 40 3
4 1.22 77.41 34.13 177.88 0.88 40 5
5 165.85 60.08 197.35 156.77 0.86 40 7
6 231.13 179.14 250.61 239.07 0.65 40 18
7 155.55 59.13 178.36 158.34 0.63 40 6
8 330.44 170.71 352.91 215.84 0.50 40 14
9 455.17 204.96 481.84 232.17 0.90 42 15
10 351.21 219.03 501.44 480.00 1.00 57 2
11 170.40 277.61 243.99 328.06 0.82 74 4
12 44.24 213.22 132.17 323.05 0.59 74 10
