0 351.17 107.48 372.45 188.69 0.98 40 11
1 160.95 34.69 202.99 128.25 0.96 40 3
2 266.38 11.21 293.26 107.08 0.96 40 6
3 377.74 118.85 398.87 177.92 0.95 40 12
4 391.33 123.46 407.12 172.15 0.77 40 13
5 123.80 37.16 161.64 134.81 0.73 40 5
6 285.93 8.30 316.95 106.63 0.69 40 7
7 367.04 121.06 383.16 177.62 0.52 40 17
8 559.43 140.79 584.45 168.71 0.63 42 15
9 457.22 170.66 610.27 403.10 1.00 57 2
10 123.76 329.12 349.10 470.50 0.98 57 1
11 305.10 221.87 369.28 264.30 0.74 74 4
12 182.07 159.09 267.78 262.21 0.53 74 10
