0 157.71 34.58 200.61 127.07 0.96 40 3
1 266.81 8.61 296.09 103.94 0.95 40 6
2 374.96 119.35 399.70 177.08 0.93 40 12
3 347.65 107.83 371.82 184.61 0.90 40 11
4 388.84 120.90 407.04 170.76 0.80 40 13
5 122.37 37.87 158.80 134.91 0.70 40 5
6 559.51 139.12 582.88 166.93 0.83 42 15
7 448.97 126.59 469.18 151.56 0.65 42 16
8 456.26 170.39 610.93 402.97 1.00 57 2
9 121.71 337.94 349.01 468.41 0.98 57 1
10 335.34 117.45 596.47 369.43 0.54 61 51
11 302.02 221.47 368.67 264.08 0.77 74 4
12 208.24 161.49 259.36 256.75 0.56 74 10
