0 328.46 189.10 346.27 237.27 0.98 40 13
1 53.73 80.41 100.93 177.32 0.96 40 3
2 302.46 180.12 328.19 244.40 0.95 40 12
3 20.92 77.21 59.90 176.62 0.95 40 5
4 276.47 163.67 299.03 253.44 0.93 40 11
5 195.40 58.83 223.96 160.26 0.91 40 6
6 266.02 175.78 289.43 247.26 0.81 40 18
7 209.25 58.68 238.22 161.69 0.56 40 7
8 0.00 73.17 30.92 181.98 0.51 40 8
9 506.01 223.10 531.77 255.56 0.79 42 15
10 387.70 254.77 547.61 480.00 1.00 57 2
11 3.39 432.49 222.26 477.01 0.59 57 1
12 183.72 291.33 264.26 343.62 0.90 74 4
13 59.33 213.86 149.83 326.44 0.54 74 10
