0 19.45 76.53 61.03 178.73 0.97 40 5
1 53.77 81.27 103.57 177.43 0.96 40 3
2 277.82 162.75 302.84 257.48 0.96 40 11
3 332.60 187.66 352.32 239.41 0.96 40 13
4 196.21 58.94 225.62 161.45 0.87 40 6
5 302.51 183.52 326.84 240.88 0.74 40 12
6 209.79 57.60 238.91 163.36 0.61 40 7
7 377.44 182.01 398.94 230.48 0.51 40 14
8 516.36 226.54 544.22 256.74 0.79 42 15
9 395.00 255.74 553.08 480.00 1.00 57 2
10 3.43 430.50 224.17 475.97 0.60 57 1
11 187.88 293.18 269.10 349.32 0.92 74 4
12 60.58 220.25 153.08 329.91 0.62 74 10
