0 13.37 75.11 57.33 172.54 0.97 40 5
1 45.90 78.59 93.11 176.99 0.96 40 3
2 279.08 156.73 302.23 265.29 0.95 40 11
3 333.07 190.05 353.55 243.89 0.92 40 13
4 311.38 185.19 335.12 251.95 0.87 40 12
5 194.95 52.02 225.16 160.10 0.85 40 6
6 0.00 76.36 27.97 174.07 0.64 40 8
7 520.81 230.98 548.59 263.17 0.96 42 15
8 312.29 216.97 333.99 250.88 0.57 42 0
9 549.53 235.03 577.87 253.74 0.65 46 41
10 388.51 268.67 565.91 479.51 1.00 57 2
11 0.00 434.23 234.47 477.32 0.59 57 1
12 181.64 296.68 266.33 357.64 0.84 74 4
