0 296.23 62.14 322.44 157.20 0.97 40 6
1 196.38 76.34 232.03 171.60 0.94 40 3
2 321.56 57.45 345.20 154.03 0.91 40 7
3 378.82 171.29 394.65 242.16 0.82 40 11
4 401.86 175.33 424.70 237.50 0.81 40 12
5 390.59 178.96 405.28 234.39 0.80 40 17
6 579.76 207.16 606.09 237.06 0.61 42 15
7 471.74 236.49 635.91 463.14 0.98 57 2
8 187.08 393.21 417.69 470.85 0.94 57 1
9 334.42 273.94 409.24 326.11 0.90 74 4
10 234.39 210.84 283.09 308.05 0.67 74 10
11 260.28 209.07 294.65 306.41 0.56 74 10
12 212.54 215.41 255.96 305.41 0.50 74 10
