0 363.44 203.57 384.50 267.79 0.98 40 12
1 107.03 106.86 154.00 206.33 0.98 40 3
2 239.41 83.04 268.35 182.06 0.97 40 6
3 68.23 106.25 112.23 207.37 0.96 40 5
4 325.65 186.87 354.54 279.37 0.95 40 11
5 378.16 206.28 394.86 262.19 0.91 40 13
6 260.53 80.03 290.99 184.98 0.90 40 7
7 352.02 203.82 368.82 266.60 0.51 40 17
8 565.30 235.01 594.05 266.54 0.90 42 15
9 442.59 213.12 464.29 245.29 0.54 42 16
10 462.02 277.22 630.00 470.23 0.97 57 2
11 312.53 216.76 622.29 465.95 0.57 61 51
12 268.29 316.56 345.31 384.01 0.91 74 4
