0 60.15 105.74 105.84 203.38 0.98 40 5
1 102.38 105.77 149.75 204.74 0.98 40 3
2 376.19 211.16 390.98 261.94 0.95 40 13
3 355.79 201.97 377.21 270.89 0.93 40 12
4 324.91 192.96 347.26 276.41 0.91 40 11
5 244.49 82.99 273.10 181.11 0.87 40 0
6 230.41 83.30 256.94 182.65 0.78 40 6
7 342.30 205.74 358.54 266.71 0.65 40 17
8 257.28 83.76 288.10 183.59 0.64 40 7
9 562.10 242.33 591.89 274.12 0.76 42 15
10 441.19 215.68 463.96 247.05 0.53 42 16
11 446.66 285.58 620.37 470.98 0.99 57 2
12 304.74 221.62 620.55 460.28 0.69 61 51
13 256.94 320.36 330.36 383.83 0.89 74 4
