0 102.37 107.16 149.47 203.61 0.98 40 3
1 60.35 106.21 105.29 202.85 0.98 40 5
2 354.83 210.38 378.97 276.32 0.95 40 12
3 376.29 212.46 390.95 263.90 0.92 40 13
4 245.00 82.79 271.54 182.17 0.87 40 0
5 326.05 192.05 346.29 279.96 0.87 40 11
6 231.23 84.23 256.30 182.53 0.82 40 6
7 257.30 82.31 288.87 186.58 0.70 40 7
8 342.06 211.76 357.89 273.87 0.64 40 17
9 565.35 246.71 593.45 277.77 0.74 42 15
10 446.03 288.52 622.86 467.42 0.98 57 2
11 307.05 223.35 619.82 456.66 0.54 61 51
12 254.22 322.27 328.83 387.87 0.90 74 4
