0 364.48 198.98 385.60 266.11 0.98 40 12
1 111.24 102.85 154.22 202.88 0.97 40 3
2 239.81 75.49 264.37 182.18 0.96 40 6
3 68.59 102.51 111.34 204.29 0.93 40 5
4 327.68 185.25 353.44 279.27 0.82 40 11
5 262.34 70.08 291.88 181.96 0.78 40 7
6 351.80 201.95 366.51 265.30 0.74 40 17
7 380.19 199.46 394.38 261.57 0.68 40 13
8 567.06 230.66 593.98 263.56 0.82 42 15
9 462.47 280.89 630.86 469.89 0.96 57 2
10 314.45 213.55 617.57 463.92 0.72 61 51
11 269.10 315.40 345.33 381.58 0.71 74 4
12 120.97 250.70 216.37 366.23 0.52 74 10
