0 102.11 105.92 150.32 203.46 0.98 40 3
1 376.71 210.03 391.19 261.35 0.96 40 13
2 63.29 105.75 106.21 203.05 0.95 40 5
3 325.83 188.34 347.99 282.87 0.95 40 11
4 354.54 202.70 378.12 271.71 0.91 40 12
5 243.53 81.54 269.61 180.41 0.89 40 0
6 258.00 81.52 288.17 185.66 0.82 40 7
7 231.66 80.46 257.02 180.73 0.71 40 6
8 343.08 204.29 359.13 268.17 0.59 40 17
9 562.18 240.78 592.42 272.05 0.80 42 15
10 450.61 285.00 616.22 475.02 0.99 57 2
11 306.22 218.43 620.69 463.47 0.68 61 51
12 259.09 319.40 334.37 384.15 0.88 74 4
